1,109300
2,109317
3,109334
4,109351
5,109368
6,109385
7,109402
8,109419
9,109436
10,109470
11,109487
12,109504
13,109521
14,109538
15,109555
16,109572
17,109606
18,109623
19,109640
20,109657
21,109674
22,109691
23,109708
24,109725
25,109742
26,109759
27,109776
28,109810
29,109827
30,109844
31,109861
32,109878
33,109895
34,109912
35,109929
36,109946
37,109963
38,109980
39,109997
40,110014
41,110031
42,110048
43,110065
44,110082
45,110099
46,110116
47,110133
48,110150
49,110167
50,110184
51,110201
52,110218
53,110235
54,110252
55,110286
56,110303
57,110320
58,110337
59,110354
60,110371
61,110388
62,110405
63,110422
64,110439
65,110456
66,110473
67,110490
68,110507
69,110524
70,110541
71,110558
72,110575
73,110592
74,110626
75,110643
76,110660
77,110677
78,110694
79,110728
80,110745
81,110762
82,110779
83,110796
84,110830
85,110847
86,110864
87,110898
88,110915
89,110932
90,110949
91,110966
92,110983
93,111000
94,111017
95,111034
96,111051
97,111068
98,111085
99,111102
100,111136
101,111153
102,111170
103,111204
104,111221
105,111238
106,111255
107,111272
108,111289
109,111306
110,111340
111,111357
112,111374
113,111391
114,111408
115,111425
116,111442
117,111459
118,111476
119,111510
120,111527
121,111544
122,111561
123,111578
124,111595
125,111612
126,111629
127,111646
128,111663
129,111680
130,111714
131,111748
132,111765
133,111782
134,111816
135,111850
136,111867
137,111884
138,111901
139,111918
140,111935
141,111952
142,111969
143,111986
144,112003
145,112020
146,112037
147,112054
148,112071
149,112088
150,112105
151,112122
152,112156
153,112173
154,112190
155,112224
156,112258
157,112275
158,112292
159,112309
160,112326
161,112343
162,112360
163,112377
164,112394
165,112411
166,112428
167,112445
168,112462
169,112479
170,112496
171,112513
172,112530
173,112547
174,112564
175,112581
176,112598
177,112615
178,112632
179,112649
180,112666
181,112683
182,112700
183,112717
184,112734
185,112751
186,112768
187,112785
188,112802
189,112819
190,112836
191,112853
192,112870
193,112887
194,112904
195,112938
196,112955
197,112972
198,112989
199,113006
200,113040
201,113057
202,113074
203,113091
204,113108
205,113125
206,113142
207,113176
208,113193
209,113210
210,113244
211,113261
212,113278
213,113295
214,113312
215,113346
216,113380
217,113397
218,113414
219,113431
220,113448
221,113465
222,113482
223,113499
224,113516
225,113533
226,113550
227,113584
228,113601
229,113618
230,113635
231,113652
232,113669
233,113686
234,113703
235,113720
236,113737
237,113754
238,113771
239,113788
240,113805
241,113822
242,113839
243,113856
244,113873
245,113890
246,113907
247,113924
248,113941
249,113958
250,113975
251,113992
252,114009
253,114026
254,114060
255,114094
256,114111
257,114128
258,114145
259,114162
260,114179
261,114196
262,114213
263,114230
264,114247
265,114264
266,114298
267,114315
268,114332
269,114349
270,114366
271,114383
272,114400
273,114417
274,114434
275,114468
276,114485
277,114502
278,114519
279,114536
280,114570
281,114587
282,114604
283,114621
284,114638
285,114655
286,114672
287,114706
288,114723
289,114740
290,114774
291,114791
292,114808
293,114825
294,114842
295,114876
296,114893
297,114910
298,114927
299,114944
300,114961
301,114978
302,114995
303,115012
304,115029
305,115046
306,115063
307,115080
308,115097
309,115114
310,115131
311,115148
312,115165
313,115182
314,115199
315,115216
316,115233
317,115250
318,115267
319,115284
320,115318
321,115335
322,115352
323,115369
324,115386
325,115403
326,115420
327,115437
328,115454
329,115488
330,115505
331,115522
332,115539
333,115556
334,115573
335,115590
336,115607
337,115624
338,115641
339,115658
340,115675
341,115692
342,115709
343,115726
344,115743
345,115760
346,115794
347,115828
348,115845
349,115862
350,115896
351,115913
352,115930
353,115947
354,115964
355,115998
356,116015
357,116032
358,116049
359,116066
360,116083
361,116100
362,116117
363,116134
364,116151
365,116168
366,116185
367,116202
368,116219
369,116236
370,116253
371,116270
372,116287
373,116304
374,116321
375,116338
376,116355
377,116372
378,116389
379,116406
380,116440
381,116457
382,116474
383,116508
384,116525
385,116542
386,116559
387,116576
388,116610
389,116627
390,116644
391,116661
392,116678
393,116695
394,116712
395,116729
396,116746
397,116763
398,116780
399,116814
400,116831
401,116848
402,116865
403,116882
404,116899
405,116916
406,116950
407,116967
408,116984
409,117001
410,117018
411,117035
412,117052
413,117069
414,117086
415,117103
416,117120
417,117137
418,117154
419,117171
420,117188
421,117205
422,117222
423,117256
424,117273
425,117290
426,117324
427,117341
428,117358
429,117375
430,117392
431,117409
432,117426
433,117460
434,117477
435,117494
436,117528
437,117545
438,117562
439,117579
440,117596
441,117613
442,117630
443,117647
444,117664
445,117681
446,117698
447,117715
448,117732
449,117749
450,117766
451,117783
452,117800
453,117817
454,117834
455,117868
456,117885
457,117902
458,117919
459,117936
460,117953
461,117970
462,117987
463,118004
464,118021
465,118038
466,118055
467,118072
468,118089
469,118106
470,118123
471,118140
472,118157
473,118174
474,118191
475,118208
476,118225
477,118242
478,118276
479,118293
480,118310
481,118327
482,118344
483,118378
484,118395
485,118412
486,118446
487,118480
488,118497
489,118514
490,118531
491,118548
492,118565
493,118582
494,118599
495,118616
496,118650
497,118667
498,118684
499,118701
500,118718
501,118735
502,118752
503,118769
504,118786
505,118803
506,118820
507,118837
508,118854
509,118871
510,118888
511,118905
512,118922
513,118939
514,118956
515,118990
516,119007
517,119024
518,119041
519,119058
520,119075
521,119092
522,119109
523,119126
524,119143
525,119160
526,119177
527,119194
528,119211
529,119228
530,119245
531,119262
532,119279
533,119296
534,119313
535,119330
536,119347
537,119364
538,119381
539,119398
540,119415
541,119432
542,119449
543,119466
544,119483
545,119500
546,119517
547,119534
548,119568
549,119585
550,119602
551,119619
552,119636
553,119670
554,119704
555,119721
556,119738
557,119755
558,119772
559,119789
560,119806
561,119823
562,119840
563,119857
564,119874
565,119908
566,119925
567,119942
568,119959
569,119976
570,120010
571,120027
572,120044
573,120061
574,120078
575,120095
576,120112
577,120129
578,120146
579,120180
580,120197
581,120214
582,120231
583,120248
584,120265
585,120282
586,120316
587,120333
588,120350
589,120367
590,120384
591,120418
592,120435
593,120452
594,120469
595,120486
596,120520
597,120537
598,120554
599,120571
600,120588
601,120605
602,120622
603,120639
604,120656
605,120673
606,120690
607,120707
608,120724
609,120741
610,120758
611,120775
612,120792
613,120809
614,120826
615,120843
616,120860
617,120894
618,120911
619,120928
620,120945
621,120962
622,120979
623,120996
624,121030
625,121047
626,121064
627,121098
628,121115
629,121132
630,121149
631,121166
632,121183
633,121200
634,121217
635,121234
636,121251
637,121268
638,121285
639,121302
640,121319
641,121336
642,121353
643,121370
644,121387
645,121404
646,121438
647,121455
648,121472
649,121489
650,121506
651,121540
652,121557
653,121574
654,121608
655,121625
656,121642
657,121659
658,121676
659,121693
660,121710
661,121744
662,121761
663,121778
664,121795
665,121812
666,121829
667,121846
668,121863
669,121880
670,121897
671,121914
672,121948
673,121965
674,121982
675,121999
676,122016
677,122050
678,122067
679,122084
680,122101
681,122118
682,122135
683,122152
684,122169
685,122186
686,122220
687,122237
688,122254
689,122271
690,122288
691,122305
692,122322
693,122339
694,122356
695,122373
696,122390
697,122407
698,122424
699,122441
700,122458
701,122475
702,122492
703,122526
704,122543
705,122560
706,122577
707,122594
708,122628
709,122645
710,122662
711,122679
712,122696
713,122713
714,122730
715,122747
716,122764
717,122781
718,122798
719,122815
720,122832
721,122866
722,122883
723,122900
724,122917
725,122934
726,122951
727,122968
728,122985
729,123002
730,123019
731,123036
732,123053
733,123070
734,123087
735,123104
736,123138
737,123155
738,123172
739,123189
740,123206
741,123223
742,123240
743,123257
744,123274
745,123291
746,123308
747,123325
748,123342
749,123359
750,123376
751,123393
752,123410
753,123444
754,123461
755,123478
756,123495
757,123512
758,123529
759,123546
760,123563
761,123580
762,123597
763,123614
764,123648
765,123665
766,123682
767,123699
768,123716
769,123750
770,123767
771,123784
772,123801
773,123818
774,123835
775,123852
776,123869
777,123886
778,123903
779,123920
780,123937
781,123954
782,123971
783,123988
784,124005
785,124022
786,124039
787,124056
788,124073
789,124090
790,124107
791,124124
792,124141
793,124158
794,124175
795,124192
796,124209
797,124226
798,124243
799,124260
800,124294
801,124311
802,124328
803,124345
804,124362
805,124379
806,124396
807,124413
808,124430
809,124464
810,124481
811,124498
812,124515
813,124532
814,124549
815,124566
816,124583
817,124600
818,124617
819,124634
820,124651
821,124668
822,124685
823,124702
824,124719
825,124736
826,124770
827,124787
828,124804
829,124821
830,124838
831,124855
832,124872
833,124889
834,124906
835,124923
836,124940
837,124957
838,124974
839,125008
840,125025
841,125042
842,125059
843,125076
844,125110
845,125127
846,125144
847,125161
848,125178
849,125195
850,125212
851,125229
852,125246
853,125263
854,125280
855,125297
856,125314
857,125331
858,125348
859,125365
860,125382
861,125416
862,125433
863,125450
864,125467
865,125484
866,125501
867,125518
868,125535
869,125552
870,125569
871,125586
872,125603
873,125620
874,125637
875,125654
876,125671
877,125688
878,125705
879,125722
880,125739
881,125756
882,125773
883,125790
884,125807
885,125824
886,125841
887,125858
888,125875
889,125892
890,125909
891,125926
892,125943
893,125960
894,125977
895,125994
896,126028
897,126045
898,126062
899,126096
900,126113
901,126130
902,126147
903,126164
904,126181
905,126198
906,126215
907,126232
908,126249
909,126266
910,126283
911,126300
911
